



36.128151484811255,1.7980481173605711 











3.9044295642323297,24.13298908302923 








31.502929719768964,20.606847684071603 















32.8225070351321,23.709604665377793 





13.031288212445704,17.5489388134932 

10.495476245471966,2.9811705073599377 
38.92753221162825,11.253495078601249 





33.61626919560748,26.835089823989517 12.081312724540162,19.297863680719797 


1.6147831240581292,15.405257197066554 






1.1867847702622365,14.155434434324196 






30.099654415561787,18.77125750215466 











39.52643912077777,18.530940773578507 























22.394494025588198,18.510535381851877 
-0.6093982528095703,5.082203609767193 38.468141092088445,23.80615440236204 









-0.9175597128963406,3.0007601349174786 

20.01365064860493,15.014745895473133 








42.80245653658358,25.023101150997917 












17.34251768085117,35.11626467376159 
4.199457208110324,4.675696037191928 





4.793268532317311,5.896248225272791 

15.549187024110633,37.66113492126961 
24.535886344214624,10.758512849297025 





17.064801552360123,37.477530719245486 










4.24936121457854,10.100576648637514 




11.985795309416641,35.64736505259896 








25.82151007500359,4.803688797041341 









23.903413671299916,34.77202169014504 










21.52928537055906,34.13484976801357 








