3.1492839720375496,18.242905901144454 1.7772885922592385,19.064914303666427 1.4047875001351677,19.06259238320755 1.7962068060697707,15.00510309472353 1.1721824656044078,17.18433308538735 1.3102215077634352,18.04609375877591 2.0520105403357753,14.784720927671604 3.148964925514111,16.932826986255066 -0.7324222919085601,16.980132705092526 0.28969265152855606,14.829330674601252 0.9068089641127379,17.652851587520708 0.38604861908190413,18.76413053803728 2.8210173848207774,16.444192861466334 3.324214513034251,17.551303264662106 21.36835205482813,35.78372260453094 19.891774772609562,36.86708537513411 19.486010035600437,36.162296175774706 23.18995366095515,33.80434629491176 20.410029305075295,34.43452613595766 22.960997095745764,2.445188063679712 23.086622847629954,6.427080803789165 22.970646103714156,4.340046522512083 22.58461097853043,4.397953348517486 22.116152048987633,3.304256335244725 23.49381414982333,3.4635822988982365 23.256334204740046,3.452151378088029 22.31391105573659,2.6602621795671384 28.317088478881857,-0.9894235105707967 24.99884513095031,0.4030923201901757 28.767180144760705,2.3994069747791924 24.209305529685242,-0.7707094106744399 27.98488148439337,0.6670945038805312 28.24822437752416,0.03067706909797341 27.168089061959353,2.1624473717293196 5.877887843334867,30.17785334262694 4.278729233795299,33.14817076373677 6.4631801308897145,30.769223686160387 3.60905494426701,32.03084859704499 4.782767827440632,31.13113200705353 2.764531514063302,30.965046068849915 2.6890727415081983,30.822157815733704 6.09075711882115,32.99624914956275 6.641680824778332,32.7104064554006 5.22961921008036,33.42503960335739 15.627176094838333,3.186618075710962 15.161149249273883,1.9155422397228796 16.280826471839728,3.752664284759142 14.792974074057273,0.513606453313888 14.943804982747402,5.479939559075546 13.987350297179649,4.769335862391403 13.83542951682487,2.845223220935294 14.773867460313252,5.201792328256797 
20.83598809037641,4.68752531428729 
3.9313857379140984,18.952201420015623 4.682602016945536,17.932819031055047 
6.616263898147773,29.199567103433864 
2.183027691482623,30.24365978780981 6.866034598321777,29.251074795118328 4.363351815056293,28.558001209927845 11.646350965497476,0.25433538813255785 
3.727546882732409,19.68638451270911 
5.702501789184484,16.774706623540215 
4.1466082233887285,19.962535696203965 3.187166946926701,20.098773566681114 10.172553736623847,2.0619648718101535 10.25680427797372,1.4792672865894798 12.939787770867829,-0.9229974158332435 
20.476994608413467,31.94259741657995 2.5205125931839722,33.76834310720528 14.329936451298547,-0.817038227282995 

22.27914452382469,31.352945580022464 23.335239515858845,31.799614247462216 25.065604533356794,7.780554634793189 22.395823848537308,8.39814292446869 27.185289877532362,5.697897451346696 0.8893988233415011,32.18521844311119 
22.86519502332555,8.692076012150434 23.842556407906667,8.69532474512058 25.30341437283366,7.74842617709697 2.1208474584084316,33.9977754803653 
22.954065401059978,8.943952165011744 28.645062993954753,5.792359558558916 
20.823286158504015,30.905955909056992 0.6344643454384644,30.27476754026511 
24.4546006831993,8.846177141189106 

24.7693003550309,32.14696646062425 

19.777954742591493,8.32462293828109 -0.1590136211965989,33.47829751616488 
24.749322377338657,31.00627867970774 0.6588413450390216,29.249164732938297 
22.08713828505276,29.337846553476354 24.296774386576775,9.839598635204439 

22.041920023190844,28.884143474226192 24.670735587386268,30.318813923183413 20.076891544041494,9.762800629553789 
23.35465159648526,28.979737935685364 31.347941571665594,4.998606535306989 
1.5280808196880722,21.16937680020802 
31.473303564623166,6.224957400805552 
0.9134365418498138,21.170514179144938 25.370237857519626,32.89991922769131 7.603755253987602,-1.72502905710762 7.148425584741599,-0.604348204329733 

-0.8018245815433731,19.057747477615603 28.824325246016926,7.511465035960834 2.311619028814378,35.53967526321265 
-0.030176926348549404,21.070576744702294 32.34882900365744,5.260708197406336 31.349820835153473,3.5070544431272976 
-0.17808220780208406,21.283777575832055 18.428837057243232,6.760181525933747 

26.916280618312292,31.98918374859933 2.6571954095241095,36.41097827746689 
-0.07871345670486374,36.322598189066255 1.123775562113119,36.83881304830493 
30.77256052328984,9.411086634767722 32.99989290819512,6.438658156381248 

-0.1474090785039912,22.723095496076986 6.400383065215509,0.9303594425357886 

-0.49572767351980884,22.888356438378707 4.154661341597691,36.98063927154059 

33.59765554672437,6.677434644014557 3.750905014369235,37.83441171647944 
3.7304895310122648,22.509643185133033 27.81320505591473,34.126003572925036 32.81014721926174,9.821064567163006 

15.735543055873876,6.239110117142932 
0.11168303961994885,24.498904032175396 29.43145626526978,32.763537841965515 3.753701350589746,-0.9501746888839615 
15.344949881178398,7.1063555939795915 4.4739480959710285,0.7993666725957604 
29.90389068966901,32.00560476574027 
0.3661928678108217,25.25292484752432 

0.3228177277441011,25.660820318735855 

7.112264435248347,34.65761403675115 6.867828644168666,37.31450650764195 7.284196163684218,36.243394070232135 
34.03656954046931,11.843908900092035 7.442058324955205,35.325595398210226 
1.9798043007154984,26.145076059594302 1.4661599255678306,26.313654913346447 34.535681325054675,11.855485759643877 

31.45686792429433,30.068190544578265 31.59103640121611,31.124109934309487 31.503404185732194,30.491450209528026 29.501767823520332,29.031568358778777 31.52251922366427,31.070812022385205 18.04310991794065,1.9388018502531708 34.829280734967945,12.019516909700457 

29.150021524498705,29.053700568859487 35.664817092341124,9.201281020418506 1.1396984635243865,-1.8186580716083216 
31.44282972813209,28.819320591330495 
-0.19459610374123715,27.63078948028653 31.645247352832655,28.68462152388664 17.390514041917193,1.324854448070698 
3.3238617233569094,25.708779860693113 18.26218837267452,1.5577507307654663 36.2249785440211,10.692556433852427 0.5266759800438834,-0.42712101570923866 
2.14577784375245,27.540855644770264 1.1293836260100383,1.3862585912846987 
31.86312160094164,28.446412075003618 17.453163530451427,0.9163546432074106 9.395330495373035,37.133784924634824 

3.853234959313699,26.32542842887043 32.22502974799776,14.105026909052956 9.6469578516239,37.40502245860798 9.30637533061737,34.38071382020268 
32.27958913202864,28.844943960361903 17.546232033629607,0.5128157823145645 9.454043729785447,38.08094537638522 
32.378566960599414,29.852128189905955 16.440780387189974,-0.18031916750532462 
10.521143047912966,35.98302623246194 10.574073159273158,36.22689128930876 
35.4861811461347,8.744507809268214 37.30364234197375,11.912194551867833 37.163683437390326,10.190176877156796 10.69340212889312,36.01548965047592 
0.4392142775822614,2.2742298803968906 
36.57362859887895,8.774006898293846 

5.208670274142662,27.525745978232795 -1.7601406787064349,0.6419074809134377 -1.8646394873292662,0.25909794209179093 
17.590390165774963,-0.4066669983542559 
33.99125829754073,28.53798437336801 38.053025820616234,9.175632669865896 38.39016677906002,9.729402561513297 12.02593150557047,35.99835017776608 10.874154429300695,33.754383806053426 
32.72595203706179,26.358936432839897 33.25329739179683,31.240780078508585 
38.78557290016671,10.216522053424487 
34.74100566293211,29.063698334985805 33.201329878461195,31.553409908924685 12.287778816356472,34.58336856478783 11.964631171063324,34.24904057611291 
4.020309274168976,23.184982938096987 33.265540983710835,26.2116531663153 
35.13631017071131,28.260198807956836 37.29522646255683,7.468695321861855 
4.450536929591212,22.758093752572794 34.29183957562249,31.15791573618317 

36.81662298578557,6.9082309916450875 
38.0242311383188,6.957429782610653 
39.01902024192739,12.105291641207428 
31.8059728067784,32.939747792188086 38.79264716244682,6.847675645223076 40.31327688923381,10.545122305038317 38.882530640011346,7.0350301380461975 
40.48621017988179,8.98313837749228 
40.78418212044368,9.727822088761707 

41.20132367643687,8.956112796949004 12.556894578945274,32.67614881437057 0.7405972719824079,2.9481486151705667 
20.183095573332665,-1.4035986412785153 
1.2759751470486447,3.0703070073373757 
20.70079132124127,-0.5683874920750764 

1.0811098530840346,3.9052727607146442 
1.491490515946869,3.8781626802720615 0.4931199588397015,4.537767974772224 
42.705077674844006,9.541188860365764 
41.79643843636628,6.798201304324149 41.95400165550916,6.972786766742855 
1.5877665227498619,4.7151595810903455 


41.52939088590994,6.138267082885243 

41.52534123538804,12.050623307979944 3.4305327339482483,4.505056905453271 
35.70611131141406,31.377231615285865 41.68413338091515,12.249836559210143 43.12498119844408,11.568847633979868 
7.307393723980722,22.459895309269278 35.746704669492544,31.060495074413936 
41.96658310142953,12.581444045445256 
19.66003050785022,2.028978137534283 

19.314014095364293,2.4311533745157474 
40.545672721806326,13.507636413143254 39.48429058429688,12.971689185651226 
7.807699009358622,21.270651952428956 36.57633801928824,29.79248515114265 

36.14981777322048,28.809767683746262 

5.898753858736461,4.35572297737518 
20.071838477304265,3.8486921350170915 38.6852212010382,12.923415356736099 
8.301182688449924,20.166712484983098 8.088046990694208,20.12776078484265 37.986973821529325,30.151131373154584 
9.491599882942841,20.802153371581902 38.34670180725768,30.61147334398359 13.334837412596501,38.66108586624488 
38.42116449958473,30.681802732967768 20.616243322722276,2.7750102965307395 1.5849992487531805,7.210393182131174 1.8492236990907394,7.462498659095237 
37.99181705364945,12.828096871463122 
4.156890000352251,7.680601032553319 0.7579869303585474,6.97476958404496 

39.170098230996274,29.584813062383006 
15.799695975288628,38.241090449913784 14.574511877156628,37.034478532380916 
15.786024874681036,36.011992802314275 14.913827179441757,35.20689725288796 1.7589696360082225,8.552680447421848 
-0.38169784980879773,7.440428464520961 
37.3295895146896,14.725561201116705 16.456749801668618,37.17524678200918 
37.74722974494364,26.754022340937443 14.997609539084817,34.58195942112404 
11.71576510190008,22.795369491782097 37.184641900312634,26.591046769735765 
11.278230915159172,23.899796423165153 -0.807212359165532,8.27284877935062 
16.820820078647674,35.527227857459316 
16.76842011643434,35.01831650134692 
16.33632726527683,34.249939820541414 
35.38975032790586,14.400666566294191 

23.44636264613739,0.6190758566466017 
39.80020249711687,26.16649137844147 

13.969868604993366,22.44361007809295 13.421041733735107,23.887432978248764 

13.612093007775941,24.210680494034673 42.198592400019216,27.012951194534814 36.29758920122245,16.636516384557286 
34.42549535089556,15.951353050744128 
13.778792709444474,24.558180532024764 17.85045692796998,33.1428290887058 
43.17506042728213,27.579611657027122 
1.952952856693587,10.329790347584868 
-0.7111285585855553,11.522267988106616 
14.859897925734352,20.105867388628955 1.764521112493409,10.982661144799858 
43.48814088214168,26.337720256386806 32.90090604986736,15.946158735764659 
32.26526245704454,14.989467610842581 
17.75572767382024,31.555404344554255 

0.8904198178450526,12.371764801362191 
42.19519445990012,24.981023562950455 2.3531080880016315,12.160484998902591 

14.969842452842453,19.183713562173683 
14.980906883062996,18.955480161762104 12.908888093310448,19.045858057945054 14.651608795145833,18.885735369551732 
34.18715227382092,18.331788423605296 32.237467941041004,17.824729828827945 3.715895251750039,8.527886123508546 0.5821017807933844,13.226182813185313 
13.505097890567368,18.365301562902772 14.690831587242968,18.377710893291002 4.438038804326791,10.272999770363581 
41.25547451670372,24.7691296011841 

40.52628464991493,25.000269211591178 
12.95126659935886,18.00061148343878 40.017547844669686,25.062321562296315 39.75238318929199,25.441198923744995 
29.734870116657554,16.489207733124015 
29.470133055352242,15.65144814287028 29.935592304905036,17.361197231661748 4.767796702280109,9.747704901033766 
41.67526363681966,23.285023724243437 
14.095311298337137,16.841244719520915 
39.45224966534075,24.167882847855708 
40.39871275409714,23.2308434112556 5.158751516161102,13.812804336493478 
40.35100449784503,22.923412577663132 38.822061743257784,25.440946430674607 28.66632038564951,17.40053524816812 28.893350876596294,17.61371969049296 20.48084045525637,28.79007644091256 
40.32297521267864,22.63986298140357 38.78800076739525,24.59307530426414 29.483367136667624,18.769344583724138 6.040961193720804,12.687955867539122 
39.912732788072,22.724825946217464 42.17576494909241,22.26865265561233 6.214712023194856,12.872425523453323 
5.392041775764306,14.851375105870346 5.573156381352616,14.640656880790111 

41.78726525522481,21.69396817910839 
14.629340831840015,14.9642530383366 
41.27004208258957,21.360907638836224 31.7063113517683,1.7491326105475737 
38.38554768926193,22.57955498347996 27.260538694500674,18.194939970194078 


14.184909630479861,13.87798880782277 14.864580523204445,13.762440600178351 26.523229602221033,15.953801708216162 
39.85724080196906,20.41168596690493 
26.92237332898961,15.01774423722874 25.880450199647214,17.21796660389491 
12.74643833439364,14.065992736461855 32.82021440712325,-0.9350986514839275 
40.58253590879809,19.993680641563284 33.58306618643565,1.0747819285460207 27.89700297417596,20.334495989537565 

43.36731578798021,20.80529188858693 40.52718885292828,19.754265911971604 
25.513554740944212,15.904592331295436 25.10316012157448,18.434466865711453 
42.848281384278586,19.84313740864473 25.15334473405985,19.22966766209593 
33.969452460046035,-1.0754314025809308 27.907635434838397,20.705849050850798 
14.632702096458111,11.73396053696736 13.464025562914696,12.154318665874172 
12.397350266213872,12.87873242908572 32.50460500802766,3.9563084595236075 25.31700966162606,28.766358309346895 
35.055611420827546,2.2780978917517523 24.532165033564453,16.130866437072388 9.440642067375645,15.458642122486552 9.58288184724952,15.573016818368917 
12.070384130275254,12.949896767754819 11.987720141286909,13.29838369299361 
35.12829622151063,2.752601495410028 
13.66009066365858,11.021317005646377 15.457773462213897,10.85853723145441 23.575286305445562,19.11817096783878 23.45627751057385,18.336132062138514 
42.173657388401466,18.380418893380682 10.227259716087774,15.908428373691834 
24.96733977948889,21.07233094012681 
13.337942224529435,10.351395279601327 24.017168192983426,20.689451207521735 
35.853946542985256,3.2316904715683057 
33.09661463384291,4.486831068949853 
42.01921665661124,17.903560571269274 10.67667650996881,13.351839222116949 11.212561605573864,16.488195941589773 11.438331662257053,15.436244332371615 
33.92047734231375,4.936796040855163 
18.5849131107631,12.840209216670594 40.30862269712865,18.711824782210932 22.91921488604791,21.113612280908974 22.278776485364286,17.056513227084313 21.812466417563684,18.73397123800833 21.930322651472757,17.80621226079843 
42.866777228169305,17.12485034497079 21.62691878904402,17.90810988100126 
43.24752397409419,16.897857129180313 36.56810303574978,3.410905413371185 
17.46135140432654,9.978688167527242 40.94570655861716,17.141651839956754 

16.86300927442628,9.657350898940464 
41.68989848543418,16.263378317278473 


36.22216562568751,5.964225728724642 21.223180346311533,21.805700985465393 
41.11482335643001,15.60878687957904 

20.012515925204575,13.499220839989322 40.418715468654035,15.288043884597453 
25.090840603993314,23.80256986183633 
38.46965380334376,16.811274118279144 19.892087124036117,21.936204042174293 
20.63938548429657,14.930030770258579 

37.69775558866662,4.3091850291909015 
19.37609145233844,15.806367516608336 

37.338246279886725,17.077043503098075 37.284603219471926,17.15168928918654 
37.648929341221894,18.83197864284636 27.89858908387557,24.20227576587045 
27.853315319143952,23.316474202979574 
37.71015192999842,19.349896870885864 
39.05525532672755,3.8895462991840297 25.96729836848326,21.710786737813933 

28.920699429209545,23.37634025640556 
19.479814185312,17.815820032039174 
39.45515582356483,4.9897456881402125 39.750116935985766,4.4425049768163225 
19.60474965375002,18.165811255215925 39.77002494701849,4.900939203652373 


29.945638013330456,24.72525982049856 
7.5712798339644625,11.45747471104526 
39.88656085695815,5.925324428003836 
40.593715129847375,1.6453884044795348 
34.960805418567645,18.891666279300292 41.36354176225863,4.149828982852406 41.37536709989679,4.416923602907095 

41.93574746927316,3.9954652425697716 
42.16966528655882,3.808787574906254 

16.413109199733668,25.71139597545531 30.248987350076,20.193382238619858 31.72936433163015,22.33943739644634 

42.153150788259666,5.8226516283950565 

32.1480438687829,21.231871830201708 32.538543086825094,23.020224393595097 

32.79985368217396,23.13693902876837 

6.139163318429263,8.481860941737164 
43.2413193630978,6.349757149012426 4.995153526789572,9.150640269943253 
33.25972088559407,23.514914383363042 


5.113453705515994,7.867824223480213 
36.67091915520866,22.747029945867226 42.39286523879602,0.3466348422109249 5.067479823042057,7.563057844890091 
4.323362622375808,8.431440470293374 
35.98774983263898,22.963713595504135 34.78070625977629,21.85714243845862 


42.62793763839807,-0.6418551289289396 
36.68461446267172,24.012496033302 35.1779729913565,23.4162867892941 12.445309873815006,25.31643003259238 
34.60850746421109,22.93804432385377 
14.216682468520624,9.54441234508569 
14.396239481992687,8.374677417670453 35.77204161924188,24.500442531262433 



13.77658085166243,7.838023203206985 14.50519114002542,7.121730997616474 


35.513924432743316,25.938465276519352 
12.703555378991124,8.821655784718475 10.30450607388164,26.400958669031414 
36.26080090963515,26.286439359610753 38.51613736443916,0.02052774528211332 7.139008545486588,4.22101359527692 
12.814925052895468,7.254865451298649 9.693676122208991,25.362530264809507 7.6087109578244245,4.712633136574144 8.050946278537175,4.3891008572408055 
9.470177374581107,25.390994627002044 

33.07623911983402,25.078029738517085 33.61072184111742,25.952003668998483 37.737180901866196,-0.6639377779095845 6.191584975727189,2.639931653681697 
7.788629886541626,2.969219221601402 
12.419507893420587,6.148826132391928 




11.364856573791632,29.67188658294039 
11.533283245684531,5.212754870343872 35.9923831707579,-0.8322880755420732 
8.353546472828764,28.344410016676957 26.557883578261286,14.541369723291318 



8.04214261172769,29.35951841421512 
10.25640228476367,4.691646330374695 7.789950179957209,29.004180264975457 

11.246798833690711,5.940950118586714 8.893942761414094,30.936552051033132 
9.435994517689808,5.904931392543037 




8.66300686023675,32.16467924604598 





27.267758797287577,11.000358799200871 
29.451681508331774,11.438036191720064 
28.50260987986186,10.75342255097782 





























































